2 600 25
17.20357278 24.77536452 9
8.03547380 12.35039469 6
4.27083225 15.16296090 24
4.49488363 12.84983309 2
22.03084396 6.53119491 17
19.19326891 12.70641936 0
4.69839897 12.81767280 2
24.55732709 6.19703805 17
15.22426105 24.27492155 9
19.57972380 12.56593685 5
4.59303252 14.29799162 6
11.15826942 4.14637136 18
14.92026218 13.36697627 8
9.78455812 12.88558817 6
19.43575022 19.60799061 12
18.51345296 9.89546180 21
19.57470935 12.50914989 5
3.85471386 1.99770927 1
10.53216867 5.22545107 18
14.76641401 22.42727970 9
14.65627413 8.82603662 20
3.69437264 14.68613491 23
3.16729020 0.04949130 16
20.14923213 10.03498258 21
12.25612391 19.09060289 19
5.06683379 22.07797318 14
4.70665129 21.01817125 3
13.41774907 20.30787415 15
12.74817664 21.54106654 15
17.35552070 23.97467026 9
8.27438996 5.58682324 22
12.45963065 19.93099342 15
20.64089831 10.04843332 21
12.74244633 21.08167023 15
12.13823674 3.98499065 18
10.72140342 9.52686584 13
4.35015921 14.87111284 24
9.64480707 8.71320604 13
18.10505111 10.54983249 11
17.63862073 11.70698192 11
4.14221046 -0.12582246 16
11.09469388 20.88380106 19
13.71506928 21.44909932 15
9.47274409 1.31660517 7
4.01398233 14.78269861 24
8.66061956 17.73680691 19
19.65082987 12.49942374 5
3.74575886 12.89579408 2
10.74025611 4.85303975 18
23.39410599 8.21882823 17
14.19327515 20.78815261 15
11.94552279 5.36501026 18
3.62918001 14.45797072 23
13.54923881 21.10556311 15
4.49202643 15.39902737 24
7.79959052 16.10791653 6
16.14395367 -1.38173816 4
22.98693672 8.64046721 17
3.69055549 2.07276316 1
3.26077974 0.81624176 16
3.97053547 12.76813581 2
3.89961783 2.11695563 1
4.74833768 21.35765102 3
4.92981791 22.00994968 14
19.65933940 10.23102822 21
12.81182880 21.60784844 15
17.43841679 13.30227740 10
9.36342395 8.60293016 13
19.23292394 12.83978572 0
23.95092595 11.29788382 17
20.39947286 7.33619013 17
13.15789984 8.49505657 20
13.88826010 21.52719261 15
8.43000158 5.24829151 22
4.13840361 14.64855325 23
20.09172983 5.63243264 17
10.71340454 5.43287446 18
11.49690989 5.54922456 18
3.76022843 0.60258641 16
3.43380688 14.60233107 23
13.63583632 21.51786792 15
10.04593213 9.14195241 13
13.74055536 13.48932429 8
23.99098462 9.59370740 17
10.06929890 0.83450986 7
10.72716078 9.72848518 13
9.00296687 19.84063669 19
8.15514872 6.69779170 22
7.83551140 12.81178862 6
13.54384195 6.32386821 20
13.68204606 6.91107107 20
17.68929837 12.99496082 10
3.26502253 2.41546590 1
10.78175140 3.35994617 7
9.83207328 11.91914692 6
18.06658325 11.37971253 11
13.01548528 22.91842587 15
6.49146342 13.28688299 6
17.87865895 11.20746571 11
22.96498343 8.34234503 17
20.45873693 9.56206103 21
14.99336526 5.88381113 20
8.94808803 13.27473132 6
17.44068310 11.56012600 11
13.00005222 22.22475784 15
21.47870698 6.44392928 17
10.18825839 20.72277174 19
13.19453918 21.46189802 15
4.39755252 15.58515605 24
3.39877483 14.52192551 23
20.62965056 10.86720140 21
10.53711535 -0.31331081 7
23.50815067 8.26932408 17
13.82446900 24.54480916 9
17.08021043 23.52567431 9
11.11969831 5.46169590 18
4.37670108 21.65894437 3
9.49627711 17.88710745 19
4.11580479 2.03155547 1
17.16064424 13.58244261 10
11.98497664 13.12964150 8
4.97066595 22.09656073 14
7.68915289 20.45639189 19
15.00959398 14.16865421 10
3.45275344 0.46819987 16
14.50373111 12.33962221 8
19.73695898 12.96486827 0
4.70954549 15.25408171 24
4.81986075 20.85740479 3
9.94820698 13.47213521 6
4.89142361 21.26987633 3
13.89814175 21.39114900 15
3.97961460 0.48586697 16
3.78339442 1.94362426 1
19.63050554 12.94827083 0
10.00800590 9.13061339 13
4.41321687 12.86839739 2
3.81905188 2.04257890 1
19.47669809 12.18870420 5
16.77615577 12.44624061 10
8.98119863 5.93065896 22
25.04416800 20.61833146 12
4.10082666 2.00862156 1
4.48617579 0.08050547 16
12.29365763 -2.08024662 4
10.49293873 5.32844905 18
4.22537647 15.17413661 24
17.60942862 12.89725193 10
19.82149511 -1.53977676 4
22.96915816 16.76331697 12
9.56642738 18.34648922 19
18.89797123 10.23862714 21
11.11047694 9.15761281 13
13.69803407 7.90427185 20
20.66400306 10.10902530 21
8.56519845 4.89982325 22
4.80784607 21.20742894 3
3.75707720 2.20799470 1
3.37894394 14.11123546 23
24.44651193 8.46320194 17
12.79812964 19.93029891 15
16.27363577 13.42010743 10
8.99514653 6.16947546 22
16.59955197 23.07889031 9
3.42402421 14.30950328 23
25.54248968 18.57499122 12
19.17871011 8.68935310 21
5.29226293 0.73737208 16
6.73822897 14.87172629 6
10.12111163 9.42690456 13
3.84824960 15.11195129 24
8.42395412 6.28200894 22
19.66832662 12.28719466 5
9.29062652 5.53328144 18
17.59502390 10.89343217 11
4.76141372 21.19600450 3
3.57973951 14.85948009 23
11.71061029 8.72284934 20
9.22232365 5.70189264 22
4.49647670 13.01123131 2
10.64534355 0.30281116 7
22.79627932 9.42404224 17
3.59160853 2.28176249 1
13.58076489 8.53124262 20
10.01832574 2.90218083 18
23.21507376 11.77145022 17
25.90454099 5.73041585 17
28.96929800 19.42567433 12
19.73614060 11.29548534 21
4.80495415 21.28456889 3
18.24066138 10.97823231 11
15.16824334 21.55669947 15
14.21898617 22.27151907 15
3.57712682 2.13494543 1
4.37413224 15.24982174 24
4.96151603 22.24170121 14
14.41025971 7.81399206 20
4.72633236 21.14929147 3
19.89441264 12.65778082 5
11.50677506 4.79592018 18
4.34584481 13.13578138 2
3.82197103 14.37151965 23
4.98878823 21.52304027 3
10.47449644 0.38548580 7
17.59992620 22.56135270 9
21.72230503 8.22252641 17
13.97752560 21.30119390 15
16.61824269 26.04951931 9
17.30509288 -0.83734582 4
4.35614842 12.77223598 2
17.83991644 14.07413755 10
17.78653806 13.62416653 10
5.04368599 21.86205892 14
4.27284565 15.66599934 24
17.68363580 -3.11097727 4
17.76400770 23.53178138 9
13.66794461 7.59672416 20
5.00720280 22.10357110 14
13.46729749 22.67786918 15
7.92135273 5.92459926 22
12.40774937 12.20337193 8
17.86219142 11.03177587 11
18.15340066 10.86411102 11
3.97512614 1.55944788 1
22.89545292 19.11243986 12
4.19281258 2.29739899 1
4.82812314 12.69596915 2
17.13031456 25.28017041 9
11.70981853 4.54094032 18
3.55696755 14.67132097 23
3.63121782 14.79232204 23
9.76931133 9.99956830 13
4.71291987 21.88200760 14
3.58207352 0.84626772 16
12.75907170 15.96867106 6
3.83039140 2.21899309 1
4.44926347 15.74926604 24
14.76301565 -7.50497373 4
4.33813290 15.47600283 24
3.47684586 14.21758009 23
13.07223371 12.89255343 8
4.40008583 13.21302017 2
20.42641979 10.09816574 21
12.67699926 13.95544278 8
21.70514433 8.07504238 17
18.23433079 11.06388424 11
8.23385526 0.14944506 7
11.29166513 4.78491813 18
8.03736949 1.32968142 7
19.26903648 13.05602161 0
4.89244057 21.15037966 3
3.52892931 2.28085483 1
3.54263084 1.04808785 16
4.70193029 22.13212425 14
18.51896865 3.72235332 4
17.02849489 25.47326426 9
19.99630324 13.36603805 0
20.81401257 6.19969751 17
19.09315145 12.83750458 0
8.75830024 15.16960491 6
5.20541715 21.61398299 14
18.14592383 11.48889900 11
8.93309837 5.46001865 22
4.39536307 -0.47006343 16
10.79079049 19.89732316 19
4.58822735 12.65106500 2
25.29399354 7.65644373 17
5.19808528 22.33398401 14
13.85105738 8.72281259 20
3.52726274 14.36514168 23
19.51286584 12.29654807 5
16.51605858 23.68877493 9
24.52610021 12.41546847 12
4.40870587 0.59547709 16
10.28708985 0.81522228 7
9.30139484 0.96129493 7
9.65070747 8.38489455 13
16.87220864 12.16617767 10
15.33999036 12.22347966 8
10.08286292 19.71793286 19
9.17612907 5.59501914 22
8.99092513 6.23223658 22
11.46996616 7.85822815 20
19.65267950 12.52154942 5
14.55800410 6.79076805 4
13.57157740 19.75359500 15
8.24398010 5.61189169 22
14.43638577 13.38629494 8
23.25230676 6.38411688 17
8.96171302 2.50030631 7
3.85218632 0.19580800 16
10.31529384 -0.44144153 7
4.89198065 20.78660538 3
4.35968722 13.15489972 2
20.03196253 0.79731660 4
15.21389222 23.97778994 9
10.60192682 9.59679093 13
9.88215830 19.53220255 19
8.71567463 17.42449022 6
8.78931492 19.89973647 19
19.43285363 12.52687196 5
8.57775959 5.68071449 22
4.63243547 20.87300482 3
16.98015468 12.42385896 10
18.32721784 25.34614018 9
10.56150378 9.44327452 13
17.95874396 11.88407507 10
23.89154310 19.23977158 12
4.48496347 12.57751288 2
11.31283490 5.85093070 18
19.90934242 12.18027367 5
19.20236650 12.88919829 0
19.48748976 12.04103349 5
9.94567795 12.81505203 6
5.00341094 21.89891611 14
4.80094661 21.11447814 3
10.54385382 19.34361888 19
20.21214973 9.76733471 21
21.04043582 11.16789546 21
17.29080563 13.47466084 10
3.81319063 15.40395275 24
10.78319324 14.84114137 6
21.21732733 7.57554032 17
3.47042767 14.28694293 23
10.45597765 2.42190517 7
19.03288422 13.26724275 0
16.40657696 13.32654344 10
10.14297454 17.10781686 19
15.05379144 12.76953762 8
3.28110405 0.44426650 16
4.70964178 21.11817254 3
19.95139246 11.32713939 21
8.66962465 9.99707845 13
16.92047588 13.07528722 10
10.26683236 15.26290990 6
3.81621737 2.36149004 1
18.84456508 8.50806673 21
9.46695990 -2.75905727 4
5.03412520 22.00800233 14
16.36058456 24.27708807 9
4.50382692 13.00716532 2
6.91086448 12.02637439 6
17.64756167 11.14234725 11
15.58560363 0.31091073 4
19.62394192 12.61933055 5
17.88276304 11.16189017 11
4.87680539 22.23768539 14
4.64777520 21.50085011 14
15.13995399 25.05544042 9
14.07809283 5.62127744 20
3.87102053 0.22841683 16
11.67208809 1.87791127 4
4.20011427 12.33248539 2
19.46839615 13.08099099 0
16.17556309 26.36242330 9
21.72428691 18.87740219 12
23.63648876 17.15823401 12
19.73444277 12.33422694 5
22.89207332 16.98557557 12
19.05744048 10.25940390 21
3.36192850 14.51054453 23
3.39274818 2.81522041 1
19.48780578 12.92388616 0
3.20008208 14.91292775 23
24.89192550 9.96752526 17
4.96924292 22.34820088 14
4.74765522 1.45502913 16
20.51626466 10.21505212 21
4.02338548 15.37955752 24
4.76022616 20.71775708 3
10.96055365 20.38782967 19
10.65675267 5.45320055 18
25.92168191 18.23022604 12
6.19381669 1.78232565 7
4.95812704 21.76908716 14
9.86167279 9.34369139 13
11.30095202 2.27614575 4
24.59190638 19.36980743 12
12.99765560 21.34547203 15
4.68049472 22.37906003 14
27.32139367 19.79995557 12
19.15160913 -1.40937620 4
19.45620599 13.05398292 0
12.43906863 7.31026078 20
4.20368696 15.19658544 24
19.48530811 12.38351986 5
9.35469194 5.33386622 22
8.89089617 5.96349753 22
9.69781008 1.51080229 7
18.01275409 11.48631517 11
4.58169513 20.79816153 3
9.52124694 9.81080968 13
13.78253229 12.27091414 8
10.27307740 3.98201685 18
14.58388756 21.24809671 15
13.27098228 20.86929373 15
20.41982138 10.47002379 21
3.90546199 2.28822501 1
8.92584564 5.50588233 22
4.12318889 15.04172737 24
10.16218949 13.21784307 6
3.60863141 14.72207902 23
15.11396476 13.06874314 8
12.40452438 2.12885662 4
4.40748401 0.55902944 16
21.38343788 11.45335876 21
3.24823107 0.73154428 16
17.73849068 11.03041227 11
4.44220469 14.99766044 24
17.07900796 15.77030994 10
3.89122446 1.74074387 1
14.47599655 14.61081849 8
3.46813697 1.60165627 1
4.12616949 15.16956326 24
8.75821487 5.85313526 22
11.95177394 4.66895888 18
3.93783480 14.44442473 23
19.54054632 12.33660284 5
5.16100160 21.99275793 14
14.00602736 8.54371414 20
3.54438277 14.56474550 23
24.17714443 19.39713172 12
23.69212281 7.64739689 17
4.53988834 14.95881401 24
23.27684584 20.15810389 12
16.10800854 -7.29327243 4
19.34522770 13.06102058 0
13.17538844 22.37963330 15
8.92120034 2.65129151 7
8.37690806 1.54325480 7
4.83875259 21.89590363 14
7.31589429 14.06987912 6
12.73260003 6.43214406 20
17.16663280 -4.12366364 4
4.64877868 20.92906833 3
19.17793220 -0.49744333 4
17.45712989 10.70163929 11
13.38784729 20.39094790 15
15.90109621 8.30825470 20
19.70379401 12.59584289 5
16.14185563 24.60988350 9
19.04490428 12.91171217 0
10.06197149 19.27256277 19
11.82742763 18.77609817 19
4.19196995 15.57552357 24
8.69393997 14.90189293 6
4.67817840 21.39623478 3
4.31520074 14.96676443 24
17.22599184 12.10979317 10
19.62324456 12.42676646 5
14.01939824 6.80547323 20
17.40801887 25.31159456 9
17.97537203 13.55564619 10
9.19048088 1.53238807 7
18.98902316 13.36854015 0
8.97339656 4.24987609 18
16.27345819 13.08231745 10
19.31190035 13.06827705 0
10.83218008 11.66985326 6
3.41354574 14.69886552 23
18.44109603 1.86099244 4
8.53079471 15.62868780 6
18.07847971 11.15295959 11
4.19456193 15.82753197 24
4.55124858 20.82842766 3
4.35480013 12.42709358 2
14.66622499 12.80368233 8
13.79792779 7.11983330 20
18.62833003 13.31554704 10
16.37925892 13.11423643 10
19.57680026 12.39493064 5
9.58428902 13.32220819 6
10.17711097 10.11146969 13
12.59608192 21.13391958 15
18.74520751 24.12866541 9
14.51502188 13.00479326 8
3.98218857 12.93618566 2
17.80613191 21.29247215 12
8.14863796 14.73337937 6
21.34871244 22.28471707 12
4.06610472 2.04173994 1
19.59548657 12.28861075 5
17.19660732 26.21678263 9
9.70964537 8.58138383 13
23.50893842 4.64857222 17
11.84441128 10.03160274 13
22.91783560 9.24925216 17
26.80314496 21.98131074 12
4.77778552 15.06873361 24
8.99049299 6.01602497 22
4.89165781 21.22136335 3
14.51435230 12.85485906 8
6.13204300 11.32851773 6
18.65115404 18.06830105 12
3.88774930 2.03248210 1
9.29080392 14.95367366 6
17.66014459 20.75171771 12
19.54066002 13.10119493 0
3.50191601 -0.30073530 16
21.38215189 10.37260016 21
19.65599673 19.01277182 12
3.12502866 0.54119591 16
20.11374365 0.78697064 4
16.11222576 13.77078486 10
13.80188088 7.42053373 20
4.93396006 21.14144060 3
9.78123552 10.01456665 13
4.04901535 12.63625462 2
9.38878380 6.08419839 22
18.48628072 -0.33141799 4
18.55700014 10.59145142 11
14.20411750 12.30125698 8
18.15518498 11.16810072 11
3.91327653 1.03700099 16
10.62042603 1.38848334 7
24.91903636 7.22865134 17
15.68611173 -0.99915886 4
25.48860520 9.41521840 17
15.12127587 14.40983050 8
3.64107720 1.80725034 1
11.20784714 2.45053711 7
19.01707858 1.49742063 4
14.48526192 21.70367443 15
19.44448041 13.39244035 0
20.68522886 15.36495413 12
9.46384802 5.95442402 18
4.60941514 21.44145750 3
19.24813010 10.63953198 21
4.35185513 15.25294852 24
13.54545999 19.77466450 15
9.30168732 13.93683828 6
4.94392768 20.93503833 3
19.12178815 12.71678522 0
13.83569420 13.59451114 8
18.16601663 11.04738588 11
5.13263332 21.94672492 14
13.85510257 13.84910436 8
22.25810482 9.69309881 17
4.31755368 12.90594948 2
3.89106538 14.55079990 23
4.80474033 21.66969649 14
4.62537971 13.08613293 2
9.06090452 20.51726047 19
17.54599673 10.88603279 11
5.00656161 20.95582303 3
20.07808465 10.43574398 21
15.49727677 13.39181452 8
4.31335774 13.37351866 2
20.14136907 9.57599064 21
15.27105837 11.89971345 8
12.52326975 4.86496251 18
17.44857023 -1.28885111 4
14.81133981 14.01933879 8
4.94301397 22.32736730 14
14.19453804 12.43929708 8
10.86784863 18.62622988 19
22.72802705 6.98514719 17
4.53876725 21.10197491 3
4.76148843 13.15497425 2
18.53056584 10.56193296 21
14.08707357 5.15817709 4
24.50190981 7.44572203 17
14.71699488 5.75010937 20
9.75052825 20.78382835 19
16.96989059 13.64740254 10
3.99456921 12.26294600 2
17.83984032 11.20465405 11
9.14921718 5.26595040 22
8.86036213 5.78530164 22
18.43439027 10.97270943 11
3.46689859 13.68899750 23
9.57628365 9.51181862 13
3.44417072 0.68852059 16
9.99716612 13.99569706 6
10.71024439 20.05246760 19
18.02064912 11.56856793 11
4.25293747 20.99868468 3
14.48846302 20.78783205 15
15.17712197 8.72837270 20
16.59284277 24.61758656 9
19.74662378 12.54001457 5
9.71847195 8.36757121 13
16.44863922 0.16275549 4
20.40305378 2.49992534 4
19.76692795 13.04318562 0
10.80305453 0.15511405 7
21.50905577 9.46034998 17
3.94386126 14.22438265 23
5.03862197 22.11766416 14
14.04064703 23.22710758 15
19.54950147 13.36683107 0
10.12367466 9.78644744 13
13.56485473 -0.88246147 4
17.77938394 10.83899455 11
5.30467419 22.36859554 14
10.20787894 9.73837972 13
19.21271017 10.49351701 21
17.44953154 11.67087793 11
10.74642878 19.52203641 19
16.08010111 7.74103740 20
